0.000000000000000000e+00 0.000000000000000000e+00 0.000000000000000000e+00
0.000000000000000000e+00 0.000000000000000000e+00 0.000000000000000000e+00
-1.832791504350636913e+01 -1.596737709677409356e+01 -1.831655631506663084e+01
-1.855190835549460004e+01 -1.571969092045929450e+01 -1.855612816283129618e+01
-1.837887891394806772e+01 -1.574749378878169281e+01 -1.836943717758383343e+01
-1.846811494891676730e+01 -1.795377673933355211e+01 -1.849730953778310649e+01
-1.847853758263492097e+01 -1.849932475302032131e+01 -1.845414761044235874e+01
-1.873098592456161526e+01 -1.870479692137159233e+01 -1.562750986199451475e+01
-1.855624917751577030e+01 -1.852127454908534432e+01 -1.507983264379635457e+01
-1.820506617960081996e+01 -1.458644764934143012e+01 -1.831861454264696931e+01
0.000000000000000000e+00 0.000000000000000000e+00 0.000000000000000000e+00
0.000000000000000000e+00 0.000000000000000000e+00 0.000000000000000000e+00
0.000000000000000000e+00 0.000000000000000000e+00 0.000000000000000000e+00
0.000000000000000000e+00 0.000000000000000000e+00 0.000000000000000000e+00
0.000000000000000000e+00 0.000000000000000000e+00 0.000000000000000000e+00
-1.789687498163754853e+01 -1.642639516366605790e+01 -1.773154766459887455e+01
-1.840892677495800100e+01 -1.845729878595959050e+01 -1.622171537492037530e+01
-1.584310885176850014e+01 -1.856056490426087180e+01 -1.858354640486388831e+01
-1.861895928650764631e+01 -1.866662925966251763e+01 -1.866555542024863357e+01
-1.882436520331834373e+01 -1.633090604679522073e+01 -1.883417495331049452e+01
-1.889542040994750849e+01 -1.890192262492565689e+01 -1.611217700125371621e+01
-1.905012717874243222e+01 -1.887726525354010576e+01 -1.590314846372094593e+01
-1.887549865939047677e+01 -1.890303002221300943e+01 -1.615471314739030362e+01
-1.854839064503837776e+01 -1.857562885981864298e+01 -1.432458504795270926e+01
-1.842756592709595509e+01 -1.381080448847269970e+01 -1.846917303143169065e+01
0.000000000000000000e+00 0.000000000000000000e+00 0.000000000000000000e+00
0.000000000000000000e+00 0.000000000000000000e+00 0.000000000000000000e+00
0.000000000000000000e+00 0.000000000000000000e+00 0.000000000000000000e+00
0.000000000000000000e+00 0.000000000000000000e+00 0.000000000000000000e+00
-1.647480616418704003e+01 -1.834001377072589634e+01 -1.830851789306170829e+01
-1.620838256108817887e+01 -1.840856533764876346e+01 -1.842782183747545233e+01
-1.873845698783809866e+01 -1.652198201170601166e+01 -1.891094600646760071e+01
-1.915269877253498976e+01 -1.914210157888044606e+01 -1.680432591555981503e+01
-1.670734361198830342e+01 -1.937295007075861974e+01 -1.937508894275537230e+01
-1.954442068299033508e+01 -1.941964194209484518e+01 -1.608870012329241206e+01
-1.956796272816936266e+01 -1.958175736337753037e+01 -1.599158460206211529e+01
-1.919187950508925411e+01 -1.918854877306364770e+01 -1.651979596069695333e+01
-1.918317278280423466e+01 -1.915565291056238806e+01 -1.592706408450337641e+01
-1.866721542549576185e+01 -1.850747127864588393e+01 -1.476160295253712817e+01
-1.703846652470796386e+01 -1.708506479951183366e+01 -1.342584029411410995e+01
0.000000000000000000e+00 0.000000000000000000e+00 0.000000000000000000e+00
0.000000000000000000e+00 0.000000000000000000e+00 0.000000000000000000e+00
-1.617621242704653284e+01 -1.709211070466060534e+01 -1.762464423679639580e+01
-1.834879860527153994e+01 -1.835544974115843431e+01 -1.668937927703734303e+01
-1.713844761723076005e+01 -1.883868183557946097e+01 -1.876271332316728646e+01
-1.910543353607532424e+01 -1.918502699785027232e+01 -1.756812884216505921e+01
-1.951598292726108852e+01 -1.699663348910152294e+01 -1.944714572130563823e+01
-1.961981770375695788e+01 -1.720815041313069216e+01 -1.961693120731971973e+01
-1.966082077714631993e+01 -1.750720105546717775e+01 -1.964979616319329736e+01
-1.964076287949653832e+01 -1.963961098807377326e+01 -1.919471009588918875e+01
-1.964284279929172783e+01 -1.963920527030458274e+01 -1.655726317654270829e+01
-1.931901749665608747e+01 -1.941265379158067006e+01 -1.558949791360021742e+01
-1.884563321116629098e+01 -1.899566453358608342e+01 -1.711895977743260744e+01
-1.742551088855439545e+01 -1.272758804579942726e+01 -1.739350055222158531e+01
0.000000000000000000e+00 0.000000000000000000e+00 0.000000000000000000e+00
0.000000000000000000e+00 0.000000000000000000e+00 0.000000000000000000e+00
-1.816435561297250345e+01 -1.799951879625522366e+01 -1.756289916426562314e+01
-1.674548245115017409e+01 -1.839524122477639168e+01 -1.837350570812852624e+01
-1.724901684993880480e+01 -1.908375294000465061e+01 -1.907704036357905508e+01
-1.940180948381647497e+01 -1.730131453653302387e+01 -1.938011175450149892e+01
-1.700947823506426460e+01 -1.964748558426373393e+01 -1.963061219212867314e+01
-1.932083979254001349e+01 -1.976545195010865896e+01 -1.968829248553689837e+01
-1.978695105358576001e+01 -1.977759652606795626e+01 -1.936823336032958665e+01
-1.951075806073832553e+01 -1.977241884026643959e+01 -1.926985964820617525e+01
-1.903433234217506964e+01 -1.973307364217158266e+01 -1.971791500468058089e+01
-1.447001197823879437e+01 -1.962187206992916799e+01 -1.958045987807090427e+01
-1.925488606315577655e+01 -1.915384852547404293e+01 -1.464948415933341508e+01
-1.879757928848388460e+01 -1.839428998869353649e+01 -1.596822639556044976e+01
-1.225646651434286127e+01 -1.645514363560662474e+01 -1.638789014659744225e+01
0.000000000000000000e+00 0.000000000000000000e+00 0.000000000000000000e+00
-1.770639631429432725e+01 -1.698752381306940507e+01 -1.776935917133846843e+01
-1.697600378823732825e+01 -1.870884865660758933e+01 -1.884719849084639520e+01
-1.717092181327775791e+01 -1.921971567427837968e+01 -1.897773032624719036e+01
-1.725305020339365214e+01 -1.948453335641455553e+01 -1.941691423121941895e+01
-1.710597877747146711e+01 -1.966010166002931925e+01 -1.967035113122430801e+01
-1.948241049904587996e+01 -1.940280129278746202e+01 -1.949696218403553871e+01
-1.945354157952487384e+01 -1.951736490364321952e+01 -1.925060034678591236e+01
-1.955493014192432710e+01 -1.950957687797127349e+01 -1.905631328133525315e+01
-1.887133836530674813e+01 -1.981275317195433416e+01 -1.949037537485838811e+01
-1.976552017841788000e+01 -1.977530028155627662e+01 -1.314661920672187101e+01
-1.518300837971185047e+01 -1.953808878591353348e+01 -1.953717791183906627e+01
-1.905589984134699932e+01 -1.767170876505375787e+01 -1.909211633705748667e+01
-1.658227512872172937e+01 -1.283750022562316140e+01 -1.659579893718439791e+01
0.000000000000000000e+00 0.000000000000000000e+00 0.000000000000000000e+00
-1.743263349258047157e+01 -1.765078862738245391e+01 -1.704679890085822080e+01
-1.711795717062635447e+01 -1.872653461977215628e+01 -1.860557753250978763e+01
-1.899346921340139716e+01 -1.753772356881355421e+01 -1.897248075598673722e+01
-1.765584605576533761e+01 -1.940376606814220395e+01 -1.943342296501277744e+01
-1.721880262449446874e+01 -1.963008929512529832e+01 -1.962003553828789393e+01
-1.938706584821084533e+01 -1.962877325450052624e+01 -1.956697119046115318e+01
-1.953503439977948730e+01 -1.962796677247852273e+01 -1.996714107490497270e+01
-1.967352924456978869e+01 -1.996610053702741183e+01 -1.903463315205495121e+01
-1.941732098351026892e+01 -1.928286653109512372e+01 -1.880776775025759306e+01
-1.979119724921299905e+01 -1.978750681456978100e+01 -1.877384583375769367e+01
-1.956355647617294125e+01 -1.954827302535809963e+01 -1.438885164988710841e+01
-1.913990353284765078e+01 -1.911152114724852424e+01 -1.294549667128925208e+01
-1.655607809348927617e+01 -1.645213340284468018e+01 -1.257256846933322514e+01
0.000000000000000000e+00 0.000000000000000000e+00 0.000000000000000000e+00
-1.615110088030142776e+01 -1.660327900206101859e+01 -1.594633687182851922e+01
-1.851882411897105030e+01 -1.850376461112334425e+01 -1.728972631776891689e+01
-1.891841340727041398e+01 -1.765562473178641412e+01 -1.895981250537031571e+01
-1.938626487007640620e+01 -1.773867073874177436e+01 -1.939623160114267009e+01
-1.960650099549183523e+01 -1.745838748348725034e+01 -1.962822376889277720e+01
-1.793011418916579558e+01 -1.954888374043903099e+01 -1.957361385390984765e+01
-1.946591245310978024e+01 -1.958580513727039119e+01 -1.994395841350554477e+01
-1.946441304695138896e+01 -1.962323030479191743e+01 -1.961668324995315515e+01
-1.944932693961381531e+01 -1.942929606280263499e+01 -1.857035462022744454e+01
-1.984226482890271015e+01 -1.917063190438532416e+01 -1.892662274460779770e+01
-1.954227708562232024e+01 -1.954751917167910591e+01 -1.819384000601576545e+01
-1.923308697033691672e+01 -1.306846374543008160e+01 -1.918037099327888484e+01
-1.665223104739001414e+01 -1.682918292435138241e+01 -1.093062133161765459e+01
0.000000000000000000e+00 0.000000000000000000e+00 0.000000000000000000e+00
-8.000000000000000444e-01 -5.916669292445245532e+00 0.000000000000000000e+00
-1.744211732131386583e+01 -1.848165223521285583e+01 -1.849318034824394630e+01
-1.769420185848782623e+01 -1.896940905740422778e+01 -1.898749091061131011e+01
-1.936152343435558976e+01 -1.935779811865437949e+01 -1.803498570355481689e+01
-1.771449412376737342e+01 -1.956812338182399102e+01 -1.953117238131918043e+01
-1.931233101478865066e+01 -1.924830626241244147e+01 -1.980466129688272403e+01
-1.950988816367225454e+01 -1.808475709221618288e+01 -1.951443156537675350e+01
-1.863118956365163115e+01 -1.984958174234337491e+01 -1.954487917351637805e+01
-1.931726636312479073e+01 -1.830680494987252871e+01 -1.931760332189620399e+01
-1.978847800545499425e+01 -1.866503734190939667e+01 -1.912140520527233534e+01
-1.954453453900012505e+01 -1.911289814815468446e+01 -1.909241529948786820e+01
-1.929111928208347493e+01 -1.927290641606572663e+01 -1.074401604730336679e+01
-1.700316472196876916e+01 -1.684603389361014791e+01 -1.161920113091469986e+01
0.000000000000000000e+00 0.000000000000000000e+00 0.000000000000000000e+00
-8.000000000000000444e-01 0.000000000000000000e+00 0.000000000000000000e+00
-1.836566893205810658e+01 -1.759304281864309871e+01 -1.833700508362482751e+01
-1.897326488985927995e+01 -1.897703924083274885e+01 -1.808176278360193834e+01
-1.927727060685410621e+01 -1.809304356832785743e+01 -1.928198951954177431e+01
-1.802533609347276666e+01 -1.943139716857592703e+01 -1.943033352185302221e+01
-1.977289876471091645e+01 -1.800675215692928077e+01 -1.910813684697478010e+01
-1.821312002497501581e+01 -1.976260952741955634e+01 -1.976274336985859748e+01
-1.804965314254594944e+01 -1.974714351248435662e+01 -1.975606962969244051e+01
-1.822331093552652348e+01 -1.974591700003910333e+01 -1.909638257867690214e+01
-1.870794628954145011e+01 -1.966648714729531022e+01 -1.966153324248919887e+01
-1.951776896038112241e+01 -1.951915625558833156e+01 -1.225159851034087666e+01
-1.873398003911126608e+01 -1.869560470779111938e+01 -1.583617993517558098e+01
-1.790553283139863083e+01 -1.767044157470823507e+01 -1.057949572601298271e+01
0.000000000000000000e+00 0.000000000000000000e+00 0.000000000000000000e+00
0.000000000000000000e+00 0.000000000000000000e+00 0.000000000000000000e+00
-1.819908048231199515e+01 -1.789500441158962829e+01 -1.776191145808597582e+01
-1.784727224483144070e+01 -1.864208206052528283e+01 -1.864861208713209706e+01
-1.904720817266790078e+01 -1.909546050204263423e+01 -1.826769776977841175e+01
-1.928100811079330512e+01 -1.822144859445959497e+01 -1.931041504219880522e+01
-1.948749928727190550e+01 -1.831473306516624788e+01 -1.947695255080022037e+01
-1.966158727251798410e+01 -1.877794057051220378e+01 -1.965138388160933403e+01
-1.972499621553052762e+01 -1.836261561561867595e+01 -1.894997805672529978e+01
-1.870266334278331755e+01 -1.963395505043714095e+01 -1.963473217759821310e+01
-1.949928142460674962e+01 -1.904919331384994408e+01 -1.950570725098195268e+01
-1.739497349667708548e+01 -1.909508558800972011e+01 -1.923044699758980158e+01
-1.809526817805888754e+01 -1.857843091926666546e+01 -1.046977219931750902e+01
-1.587017152587644553e+01 -1.588065852722973048e+01 -8.748462264555186607e+00
0.000000000000000000e+00 0.000000000000000000e+00 0.000000000000000000e+00
0.000000000000000000e+00 0.000000000000000000e+00 0.000000000000000000e+00
0.000000000000000000e+00 0.000000000000000000e+00 0.000000000000000000e+00
-1.796114771986926684e+01 -1.860296298237983592e+01 -1.847234938384754699e+01
-1.897851895347134032e+01 -1.816387780693979082e+01 -1.897165768771844085e+01
-1.814789004389077931e+01 -1.918243653803046200e+01 -1.920193566041569966e+01
-1.831570882135003941e+01 -1.939065495948266005e+01 -1.938950944579073266e+01
-1.940732709472250050e+01 -1.846542499351764022e+01 -1.938165182065972303e+01
-1.932140917271699010e+01 -1.930455890780483585e+01 -1.874432499852286682e+01
-1.928619242559435065e+01 -1.877857648148929215e+01 -1.931515198406896872e+01
-1.887384200374697940e+01 -1.923073913527766976e+01 -1.924199237039884025e+01
-1.900799171770657026e+01 -7.149589547565785352e+00 -1.887797181624523901e+01
-1.729510414311346622e+01 -1.770112351329582978e+01 -8.308722760842886856e+00
-1.122395592191108449e+01 -7.917179188245453858e+00 -1.519487303995516392e+01
0.000000000000000000e+00 0.000000000000000000e+00 0.000000000000000000e+00
0.000000000000000000e+00 0.000000000000000000e+00 0.000000000000000000e+00
0.000000000000000000e+00 0.000000000000000000e+00 0.000000000000000000e+00
-1.593966555483637926e+01 -1.432406761082313373e+01 -1.362622814802169913e+01
-1.864474098788128487e+01 -1.862486097497989235e+01 -1.815916294774543971e+01
-1.826490729880357122e+01 -1.903068190564251339e+01 -1.902035204449309802e+01
-1.882403061732114224e+01 -1.911198628072186878e+01 -1.912112943899515471e+01
-1.930219975359839424e+01 -1.930192013092326420e+01 -1.853478326384306385e+01
-1.869455143656757556e+01 -1.930901764769501483e+01 -1.931927224100778062e+01
-1.865972525725686637e+01 -1.922146284160923813e+01 -1.924852420710096013e+01
-1.906680125069510368e+01 -1.906965736647858733e+01 -6.296656838094823350e+00
-1.810651597272071811e+01 -1.744308211746404069e+01 -6.588440961338605462e+00
-1.595980904706513037e+01 -1.605577364345550251e+01 -7.293857703824546235e+00
0.000000000000000000e+00 0.000000000000000000e+00 0.000000000000000000e+00
0.000000000000000000e+00 0.000000000000000000e+00 0.000000000000000000e+00
0.000000000000000000e+00 0.000000000000000000e+00 0.000000000000000000e+00
0.000000000000000000e+00 0.000000000000000000e+00 0.000000000000000000e+00
0.000000000000000000e+00 0.000000000000000000e+00 0.000000000000000000e+00
-1.832859793649961233e+01 -1.842035328454821297e+01 -1.825614587800798461e+01
-1.870332950567726726e+01 -1.834768847447945461e+01 -1.869069979061436726e+01
-1.848729389538190659e+01 -1.896849043752413877e+01 -1.901011172445272734e+01
-1.901555749474509938e+01 -1.850547378931914722e+01 -1.898365152853531512e+01
-1.876596779582214936e+01 -1.884954337004226588e+01 -1.878880668706182888e+01
-1.852848608762200655e+01 -7.222512766431414377e+00 -1.820887614108990604e+01
-1.699981185034613418e+01 -1.700004423334485892e+01 -7.640209630772584859e+00
-1.637581307252722951e+01 -1.624268973831637553e+01 -5.864293363068574294e+00
-1.413111556989068696e+01 -6.534803683218559200e+00 -1.419064022801600089e+01
0.000000000000000000e+00 0.000000000000000000e+00 0.000000000000000000e+00
0.000000000000000000e+00 0.000000000000000000e+00 0.000000000000000000e+00
0.000000000000000000e+00 0.000000000000000000e+00 0.000000000000000000e+00
0.000000000000000000e+00 0.000000000000000000e+00 0.000000000000000000e+00
0.000000000000000000e+00 0.000000000000000000e+00 0.000000000000000000e+00
0.000000000000000000e+00 0.000000000000000000e+00 0.000000000000000000e+00
-1.844835956077337613e+01 -1.848156858113781098e+01 -1.844100184923341601e+01
-1.862048029798823379e+01 -1.886775474626680094e+01 -1.885830259038490553e+01
-1.862731512729271799e+01 -1.881319309156100772e+01 -1.889901858998515749e+01
-1.879968070995318996e+01 -1.877686199122689104e+01 -1.864158809394769989e+01
-1.858975200483572010e+01 -1.552601151619810338e+01 -1.858829553973875903e+01
-1.648023032812332644e+01 -1.700337009748205830e+01 -4.470913576980724891e+00
-1.301332130238833606e+01 -4.937958904842699503e+00 -1.340777685724784973e+01
-8.489174652887131245e+00 -3.278885981809706252e+00 -4.228884458297958560e+00
0.000000000000000000e+00 0.000000000000000000e+00 0.000000000000000000e+00
0.000000000000000000e+00 0.000000000000000000e+00 0.000000000000000000e+00
0.000000000000000000e+00 0.000000000000000000e+00 0.000000000000000000e+00
0.000000000000000000e+00 0.000000000000000000e+00 0.000000000000000000e+00
0.000000000000000000e+00 0.000000000000000000e+00 0.000000000000000000e+00
0.000000000000000000e+00 0.000000000000000000e+00 0.000000000000000000e+00
0.000000000000000000e+00 0.000000000000000000e+00 -1.991680000000000339e+00
-1.848413873009068098e+01 -1.854516727237181684e+01 -1.848450309205371411e+01
-1.869542244181439017e+01 -1.872793321947971990e+01 -1.865279743580306260e+01
-1.870435348755848182e+01 -6.923906435615346133e+00 -1.869462749761758147e+01
-1.647316950707801197e+01 -1.606227044974617257e+01 -1.652000605047801685e+01
-1.440822454417967791e+01 -1.444712862003851228e+01 -2.890993013822247715e+00
-1.214352563656253459e+01 -4.011877978808078282e+00 -7.333748760826971136e+00
0.000000000000000000e+00 0.000000000000000000e+00 0.000000000000000000e+00
0.000000000000000000e+00 0.000000000000000000e+00 0.000000000000000000e+00
0.000000000000000000e+00 0.000000000000000000e+00 0.000000000000000000e+00
0.000000000000000000e+00 0.000000000000000000e+00 0.000000000000000000e+00
0.000000000000000000e+00 0.000000000000000000e+00 0.000000000000000000e+00
0.000000000000000000e+00 0.000000000000000000e+00 0.000000000000000000e+00
0.000000000000000000e+00 0.000000000000000000e+00 0.000000000000000000e+00
0.000000000000000000e+00 0.000000000000000000e+00 0.000000000000000000e+00
0.000000000000000000e+00 0.000000000000000000e+00 0.000000000000000000e+00
-1.592484751310015056e+01 -1.657984488093314823e+01 -1.652342352370465406e+01
-1.546966840164875023e+01 -1.469277115861676819e+01 -2.897093159076984392e+00
-1.220513298988873885e+01 -1.217679979498391241e+01 -2.406651735336108100e+00
-5.160370331935911992e+00 -5.536285795826470846e+00 -1.400752902703425118e+00
-2.475438086810440197e+00 -2.452735999999999361e+00 -1.002088448000000076e+00
0.000000000000000000e+00 0.000000000000000000e+00 0.000000000000000000e+00
0.000000000000000000e+00 0.000000000000000000e+00 0.000000000000000000e+00
0.000000000000000000e+00 0.000000000000000000e+00 0.000000000000000000e+00
0.000000000000000000e+00 0.000000000000000000e+00 0.000000000000000000e+00
0.000000000000000000e+00 0.000000000000000000e+00 0.000000000000000000e+00
0.000000000000000000e+00 0.000000000000000000e+00 0.000000000000000000e+00
0.000000000000000000e+00 0.000000000000000000e+00 0.000000000000000000e+00
0.000000000000000000e+00 0.000000000000000000e+00 0.000000000000000000e+00
0.000000000000000000e+00 0.000000000000000000e+00 0.000000000000000000e+00
0.000000000000000000e+00 0.000000000000000000e+00 0.000000000000000000e+00
0.000000000000000000e+00 0.000000000000000000e+00 0.000000000000000000e+00
0.000000000000000000e+00 0.000000000000000000e+00 0.000000000000000000e+00
0.000000000000000000e+00 0.000000000000000000e+00 0.000000000000000000e+00
0.000000000000000000e+00 0.000000000000000000e+00 0.000000000000000000e+00
0.000000000000000000e+00 0.000000000000000000e+00 0.000000000000000000e+00
0.000000000000000000e+00 0.000000000000000000e+00 0.000000000000000000e+00
0.000000000000000000e+00 0.000000000000000000e+00 0.000000000000000000e+00
